[[-1.22120945e+01  1.46429589e+00  9.12069966e-01 ... -9.62792911e-02
  -1.09565518e-01 -2.11856267e-01]
 [ 5.39527695e-01  2.82147049e-01 -2.38439831e-01 ... -1.56160049e-01
  -4.02315533e-01 -4.77794176e-01]
 [ 1.35087208e+00 -1.39313191e-01 -1.53841621e+00 ... -2.32414785e-01
  -6.51774624e-01 -6.54048459e-01]
 ...
 [-5.02486663e-01 -5.35150993e-01  2.58545910e-02 ...  2.35110232e-02
   6.01599291e-02 -2.19490281e-01]
 [-5.04708029e-01 -4.11787358e-01  3.37952192e-01 ...  1.18464272e-01
  -1.54180691e-02 -6.63353324e-02]
 [-4.89734384e-01 -4.54400502e-01  4.72460842e-01 ... -5.16684681e-02
  -1.32072379e-01  5.65604564e-03]]
